0
2.883895429
3.349602441
3.644022955
2.644022955
2.883895429
2.850268418
3.476082874
3.872979623
0
2.795881091
0
0
4.130771184
3.244551022
1.615101742
2.467912213
4.750116628
2.714227057
1.557682187
3.618617842
3.625308666
3.51443087
2.691807474
3.34668949
1.609552837
2.2518298
2.9952224
6.055041385
3.028440838
4.184348825
2.563329346
0
3.123776157
3.728812191
3.40717306
3.134745077
3.991753208
2.711431029
1.318451532
4.456742518
0
3.839393385
3.311416072
0
4.713850824
1.043512294
6.249816476
4.510978047
3.028440838
4.772171403
4.48339341
3.816666322
0
3.780026978
3.981475015
0
0
1
0
2.974680459
4.479392247
3.743633794
3.330700347
0
3.964375462
3.028440838
0
3.910796531
5.001397117
0
1.01570999
4.189871805
3.244551022
4.691329931
4.443452592
0
2.776545575
4.10681185
2.2518298
0
4.691329931
0
2.915710439
3.724136889
5.050631926
1.196831397
5.712720754
2.974680459
4.056970424
5.230665079
0
5.537356606
4.10681185
0
0
4.063334275
2.832700997
4.878666363
0
