0
0
4.304865824
1.385437087
3.38510636
3.369995417
0
0
2.501448243
3.89211231
4.630536098
3.40717306
0
3.347043995
4.399874819
3.89211231
3.145529744
2.563329346
2.795881091
0
0
4.024030366
0
0.90490643
3.607746045
0
1.516068404
3.280344768
2.126639108
3.468235776
1.278776262
1.556118152
4.851985463
0
3.898751195
2.974680459
1.215855926
0
4.516700304
1.910018972
0
4.10681185
3.508180323
3.618617842
0
3.392540007
2.193585709
2.850268418
4.378853978
4.754720168
0
1.088219504
0
0
2.533440223
0
2.795881091
4.623586207
1.134160682
0
3.196911049
1.174558319
3.196911049
2.563329346
3.550838537
3.791192136
4.10681185
0
4.364234427
4.516700304
2.467912213
0
0
0
3.597519653
0
3.206718668
2.3035317
3.40717306
3.330700347
0
2.691807474
3.872979623
0
1.662948883
0
1.568379833
0
3.724136889
0
4.668268483
1.153019664
1.799042632
0
0
1.093839383
0
3.476082874
0
1.076362062
